0
0.444202203
0.311977935
1
0.003897807
0.076026329
0.563923191
0.211658506
0.338535097
0.276620672
0.010502882
0.101481173
0.148555625
0.061658901
0.196780548
0.213076749
0.023432915
0.062599281
0
0.013198993
0.005608176
0.051400193
0.00787653
0.066570955
0.017339232
0.000153382
0
0.038466004
0.024730681
0.045576674
0.050845426
0.036307238
0.003806396
0.036132997
0.004741677
0
0
0.031248548
0.017201223
0.015063576
0.013346536
0.024540204
0.013377717
0.001680874
0.000852084
0.004909952
0.004699993
0.043743366
0.008226597
0.009646274
0.006642221
0
0.001682905
0.02925865
0.008287427
2.58988E-05
0.004193943
0.0143609
0.009963343
0.001865242
0.014817483
0.007945398
0.013143884
0.009291688
0.002499166
0
0.003821589
0.003148217
0.001773789
0.003752241
0.001879461
0.001383201
0.003314867
0.002815061
0.002064166
0.002845833
0.002008456
0.003324625
0.000106892
0.000466291
0.0017205
0
0
0.004166667
0.001698371
0.000294776
0.001313211
0.001852673
0
0.001345026
0.001237098
0.001005079
0.000990098
0.000564728
0.002005591
0
0.000777158
0.001016766
0
0
0
0
0
0.00014284
0.000467011
0.000442219
0
0
0
0.000106575
0
0
0
0
0
0
0
0
0
0
0
0
0
